%YAML:1.0

#--------------------------------------------------------------------------------------------
# Camera Parameters. Adjust them!
#--------------------------------------------------------------------------------------------

# if running in pure stereo vision mode
PureVisionMode: false

# do we need visualization?
UseViewer: true

# Camera calibration and distortion parameters (OpenCV) 
Camera.fx: 431.853653
Camera.fy: 431.853653
Camera.cx: 344.415829
Camera.cy: 240.017622

Camera.k1: 0.0
Camera.k2: 0.0
Camera.p1: 0.0
Camera.p2: 0.0

Camera.width: 752
Camera.height: 480

# Camera frames per second 
Camera.fps: 20.0

# stereo baseline times fx
Camera.bf: 41.996583

# Color order of the images (0: BGR, 1: RGB. It is ignored if images are grayscale)
Camera.RGB: 1

# Close/Far threshold. Baseline times.
ThDepth: 35

# left cam to IMU transform
RBC: !!opencv-matrix
  rows: 3
  cols: 3
  dt: d
  data: [-1, 0, 0,
         0, -1, 0,
        0, 0, 1]

TBC: !!opencv-matrix
  rows: 3
  cols: 1
  dt: d
  data: [0.07014, -0.00738, -0.0014]

#--------------------------------------------------------------------------------------------
# Stereo Rectification. Only if you need to pre-rectify the images.
# Camera.fx, .fy, etc must be the same as in LEFT.P
#--------------------------------------------------------------------------------------------
LEFT.height: 480
LEFT.width: 752
LEFT.D: !!opencv-matrix
   rows: 1
   cols: 5
   dt: d
   data: [-0.38992418, 0.12712584, 0.000377500, -0.00452354, 0.0]
LEFT.K: !!opencv-matrix
   rows: 3
   cols: 3
   dt: d
   data: [472.121, 0.0, 379.712, 0.0, 473.227, 234.451, 0.0, 0.0, 1.0]
LEFT.R:  !!opencv-matrix
   rows: 3
   cols: 3
   dt: d
   data: [0.9987954712920889, -0.0016955616502429259, 0.049038062738084434, 0.0016704490128334334, 0.9999984518484767, 0.0005530829461818658, -0.049038924605965845, -0.0004705011584032641, 0.9987967573546435]
LEFT.P:  !!opencv-matrix
   rows: 3
   cols: 4
   dt: d
   data: [431.853652860757, 0.0, 344.415828704834, 0.0, 0.0, 431.853652860757, 240.01762199401855, 0.0, 0.0, 0.0, 1.0, 0.0]

RIGHT.height: 480
RIGHT.width: 752
RIGHT.D: !!opencv-matrix
   rows: 1
   cols: 5
   dt: d
   data: [-0.39757120, 0.13196796, -0.00039223, 0.00083943, 0.0]
RIGHT.K: !!opencv-matrix
   rows: 3
   cols: 3
   dt: d
   data: [465.467, 0.0, 381.547, 0.0, 465.991, 245.717, 0.0, 0.0, 1.0]
RIGHT.R:  !!opencv-matrix
   rows: 3
   cols: 3
   dt: d
   data: [0.9989270024963125, -0.000787249830226591, 0.046305765531270075, 0.0008109621512105179, 0.9999995494989145, -0.0004932974331574414, -0.046305356322151915, 0.0005303203494717492, 0.9989271909084294]
RIGHT.P:  !!opencv-matrix
   rows: 3
   cols: 4
   dt: d
   data: [431.853652860757, 0.0, 344.415828704834, -41.99658286817507, 0.0, 431.853652860757, 240.01762199401855, 0.0, 0.0, 0.0, 1.0, 0.0]

#--------------------------------------------------------------------------------------------
# ORB Parameters
#--------------------------------------------------------------------------------------------

# ORB Extractor: Number of features per image
ORBextractor.nFeatures: 1200

# ORB Extractor: Scale factor between levels in the scale pyramid 	
ORBextractor.scaleFactor: 1.2

# ORB Extractor: Number of levels in the scale pyramid	
ORBextractor.nLevels: 8

# ORB Extractor: Fast threshold
# Image is divided in a grid. At each cell FAST are extracted imposing a minimum response.
# Firstly we impose iniThFAST. If no corners are detected we impose a lower value minThFAST
# You can lower these values if your images have low contrast			
ORBextractor.iniThFAST: 20
ORBextractor.minThFAST: 7

#--------------------------------------------------------------------------------------------
# Viewer Parameters
#--------------------------------------------------------------------------------------------
Viewer.KeyFrameSize: 0.05
Viewer.KeyFrameLineWidth: 1
Viewer.GraphLineWidth: 0.9
Viewer.PointSize: 2
Viewer.CameraSize: 0.08
Viewer.CameraLineWidth: 3
Viewer.ViewpointX: 0
Viewer.ViewpointY: -0.7
Viewer.ViewpointZ: -1.8
Viewer.ViewpointF: 500

